[0;33;48m[xmlreaders-core.cpp:1097] [0;38;48m[0;33;48mlink root has no geometry attached!
[mComputed Error: 2.828427
[ 0.         -0.16557627 -1.04050402  0.79558937  1.71537124 -2.02618646]
Computed Error: 2.828427
[ 0.          1.27262188  1.35507803 -0.52029252 -1.90550504  0.58148883]
Computed Error: 2.828427
[ 0.          1.27262188  0.89963169  0.46983004 -2.44018125  0.58148883]
Computed Error: 2.828427
[ 0.         -1.26223579  0.3138765   0.4665878  -2.29046723 -2.21252341]
Computed Error: 2.828427
[ 0.         -1.26223579  0.76635078 -0.51705028 -1.75930343 -2.21252341]
Computed Error: 2.828427
[ 0.         -0.35288144 -0.66435762  1.55814796  1.23949898  1.26471758]
Computed Error: 2.828427
[ 0.          2.78871121  0.27807336 -1.44138265 -0.96998004 -1.87687507]
Computed Error: 2.828427
[ 0.          0.95222706  1.32854163 -0.88284497 -1.7892868   1.87066758]
Computed Error: 2.828427
[ 0.          2.49981355  0.44887002 -0.28234404 -1.89447145 -0.43830279]
Computed Error: 2.828427
[ 0.          2.49981355  0.21202324  0.23188156 -2.17185027 -0.43830279]
Computed Error: 2.828427
[ 0.         -2.22737491  0.92062937 -1.17615528 -1.52974158  0.09025142]
Computed Error: 2.828427
[ 0.         -1.80167131  0.84574468 -1.4925914  -1.06759912 -1.19760385]
Computed Error: 2.828427
[ 0.          1.33992134 -0.99909899  1.15577875  1.55776608  1.9439888 ]
Computed Error: 2.828427
[ 0.         -0.66701895  1.5385194   0.22548167 -2.3203953   1.63710718]
Computed Error: 2.828427
[ 0.          0.6978101   1.31383721 -0.16579221 -2.2463628   2.37012492]
Computed Error: 2.828427
[ 0.          1.97367488  1.56811388 -1.410468   -1.27412469  1.06317198]
Computed Error: 2.828427
[ 0.         -0.5041227  -0.68558408  0.5150743   1.95920322  1.92935976]
Computed Error: 2.828427
[ 0.          2.63746995  0.66594895 -1.03072304 -1.42391936 -1.2122329 ]
Computed Error: 2.828427
[ 0.          2.07066791  1.39326636 -0.92300056 -1.66986844  2.60217571]
Computed Error: 2.828427
[ 0.          2.42496403  1.14801699 -1.02929597 -1.6297115   1.73662364]
Computed Error: 2.828427
[ 0.         -1.7942083   0.68100501 -1.22097427 -1.21699371  0.62637682]
Computed Error: 2.828427
[ 0.          1.34738435 -0.80675711  0.88206071  1.68165937 -2.51521583]
Computed Error: 2.828427
[ 0.         -0.93840613  1.31164675 -1.27452191 -1.49356825 -2.81181562]
Computed Error: 2.828427
[ 0.         -2.93367711  1.16513743 -1.1164706  -1.68294793 -1.78764146]
Computed Error: 2.828427
[ 0.         -1.57628452  0.8642135  -1.70870772 -0.88622357  1.99889351]
Computed Error: 2.828427
[ 0.          1.56530813 -1.09819804  1.44689084  1.38202498 -1.14269914]
Computed Error: 2.828427
[ 0.          1.74962425  1.14899873 -1.57258121 -1.2608774   1.36862831]
Computed Error: 2.828427
[ 0.         -2.31705603  1.46899959 -0.45831098 -2.17150701  2.73835435]
Computed Error: 2.828427
[ 0.         -2.53533527  1.09918964 -0.72373368 -1.80240729 -2.38718099]
Computed Error: 2.828427
[ 0.         -0.47631927  1.2229959  -0.32015694 -2.29563582  1.82892183]
Computed Error: 2.828427
[ 0.         -0.04155457  0.85468587  0.15931927 -2.30513544 -2.29469637]
Computed Error: 2.828427
[ 0.         -0.04155457  1.02472861 -0.20978174 -2.10607717 -2.29469637]
Computed Error: 2.828427
[ 0.         -1.56207597  1.24959056 -0.70895033 -1.74372527 -1.37068332]
Computed Error: 2.828427
[ 0.         -2.39432332  1.14619585 -1.15521944 -1.53770371 -0.63593463]
Computed Error: 2.828427
[ 0.         -0.27425835  0.94431096 -0.580566   -1.85206545  0.37536201]
Computed Error: 2.828427
[ 0.         -0.27425835  0.43365555  0.53010353 -2.45207957  0.37536201]
Computed Error: 2.828427
[ 0.         -1.92458922  1.50126873 -1.10600968 -1.50028655  0.38481334]
85
